position: 
  x: 4.326784905717721
  y: 1.2245717260324003
  z: 0.14124995967019824
orientation: 
  x: -0.0038580028664547063
  y: -0.011867991565537774
  z: -0.30920225263810536
  w: 0.9509144196790814